
                       Weight1
      w0      w1      w2      w3      w4      w5
   0.055   0.111   0.083   0.051  -0.004  -0.063
   0.070   0.020  -0.020   0.028   0.077   0.121
   0.029  -0.018   0.013  -0.017   0.104   0.057
   0.069   0.042  -0.034  -0.010   0.044   0.030
   0.057   0.027  -0.010  -0.005   0.028  -0.010
   0.059   0.043   0.124   0.020  -0.012  -0.009
   0.047   0.081   0.053   0.058   0.048  -0.015
   0.039   0.013   0.095   0.063   0.056   0.089
   0.042  -0.015   0.057   0.015   0.120   0.044
   0.033  -0.017  -0.038   0.065   0.158   0.074
   0.075  -0.052  -0.014   0.011   0.097   0.044
   0.067   0.042  -0.039   0.019  -0.018   0.041
   0.112   0.159   0.087   0.025  -0.034   0.035
   0.102   0.115   0.082   0.045  -0.054   0.027
   0.061   0.008   0.008   0.071   0.089   0.071
   0.083   0.053   0.068   0.071   0.032   0.057
   0.044   0.030  -0.005  -0.035   0.056   0.099
   0.062   0.089  -0.016   0.037   0.037   0.034
   0.083   0.093   0.016   0.069   0.025   0.051
   0.071   0.089   0.078   0.060   0.008   0.014
   0.053   0.067   0.043   0.005  -0.028   0.054


                                                          Weight2
      w0      w1      w2      w3      w4      w5      w6      w7      w8      w9     w10     w11     w12     w13     w14     w15
  -0.340   0.052   0.125   0.116   0.060   0.099   0.076   0.098   0.090   0.178   0.090   0.203   0.114   0.029   0.066   0.128
   0.061   0.091   0.046  -0.082  -0.076   0.078   0.034   0.045   0.070   0.026   0.073   0.047  -0.050  -0.038   0.021  -0.066
   0.052   0.018   0.077   0.040   0.042  -0.023  -0.132   0.112   0.035   0.007   0.108   0.036   0.031   0.011   0.033   0.090
   0.067   0.016   0.090  -0.006   0.020  -0.039   0.027   0.016   0.102